CurrentTotalRuntime;Testname;RuntimeToGetCoverage;RuntimeOriginal;KilledByTest;AnalyzedByTest;CoveredByTest;TotalKilled;TotalFailure;TotalException;TotalTimeout;LiveMutants;TotalAnalyzed
18512;randoop.RandoopTest0$null;90;111;244;398;398;244;78;161;5;174;398
26819;randoop.RandoopTest1$null;53;56;7;148;389;251;85;161;5;167;546
33338;randoop.RandoopTest10$null;71;47;6;161;408;257;89;163;5;161;707
39091;randoop.RandoopTest11$null;44;46;0;123;372;257;89;163;5;161;830
44346;randoop.RandoopTest12$null;42;43;1;129;379;258;90;163;5;160;959
50258;randoop.RandoopTest13$null;44;43;0;142;392;258;90;163;5;160;1101
57993;randoop.RandoopTest14$null;44;55;0;150;401;258;90;163;5;160;1251
62940;randoop.RandoopTest15$null;41;67;0;122;372;258;90;163;5;160;1373
67027;randoop.RandoopTest16$null;44;76;0;122;372;258;90;163;5;160;1495
72292;randoop.RandoopTest17$null;44;66;1;122;373;259;90;164;5;159;1617
77816;randoop.RandoopTest18$null;45;67;0;141;393;259;90;164;5;159;1758
83402;randoop.RandoopTest19$null;42;54;0;121;372;259;90;164;5;159;1879
90676;randoop.RandoopTest2$null;47;63;0;133;389;259;90;164;5;159;2012
95502;randoop.RandoopTest20$null;45;31;0;129;381;259;90;164;5;159;2141
99489;randoop.RandoopTest21$null;41;26;0;125;379;259;90;164;5;159;2266
103774;randoop.RandoopTest22$null;43;27;0;129;382;259;90;164;5;159;2395
108006;randoop.RandoopTest23$null;41;26;0;129;381;259;90;164;5;159;2524
112575;randoop.RandoopTest24$null;40;25;0;141;386;259;90;164;5;159;2665
119501;randoop.RandoopTest25$null;68;28;0;153;408;259;90;164;5;159;2818
125661;randoop.RandoopTest26$null;46;26;0;141;392;259;90;164;5;159;2959
130314;randoop.RandoopTest27$null;42;38;0;121;372;259;90;164;5;159;3080
134591;randoop.RandoopTest28$null;40;24;0;121;366;259;90;164;5;159;3201
139450;randoop.RandoopTest29$null;47;27;0;121;372;259;90;164;5;159;3322
144781;randoop.RandoopTest3$null;44;24;0;133;388;259;90;164;5;159;3455
150200;randoop.RandoopTest30$null;43;22;0;121;372;259;90;164;5;159;3576
154953;randoop.RandoopTest31$null;43;22;0;121;372;259;90;164;5;159;3697
161743;randoop.RandoopTest32$null;43;22;0;141;392;259;90;164;5;159;3838
167264;randoop.RandoopTest33$null;43;23;0;141;392;259;90;164;5;159;3979
172110;randoop.RandoopTest34$null;44;23;0;121;372;259;90;164;5;159;4100
177630;randoop.RandoopTest35$null;44;23;0;141;392;259;90;164;5;159;4241
183105;randoop.RandoopTest36$null;42;21;0;129;381;259;90;164;5;159;4370
187249;randoop.RandoopTest37$null;44;23;0;121;372;259;90;164;5;159;4491
191602;randoop.RandoopTest38$null;44;24;0;121;372;259;90;164;5;159;4612
195809;randoop.RandoopTest39$null;42;37;0;121;372;259;90;164;5;159;4733
200409;randoop.RandoopTest4$null;45;26;1;129;381;260;90;165;5;158;4862
204931;randoop.RandoopTest40$null;43;23;0;126;379;260;90;165;5;158;4988
210633;randoop.RandoopTest41$null;42;22;0;120;372;260;90;165;5;158;5108
214816;randoop.RandoopTest42$null;43;29;0;120;372;260;90;165;5;158;5228
220252;randoop.RandoopTest43$null;45;25;0;140;392;260;90;165;5;158;5368
224341;randoop.RandoopTest44$null;43;22;0;120;366;260;90;165;5;158;5488
229294;randoop.RandoopTest45$null;42;23;0;144;399;260;90;165;5;158;5632
234235;randoop.RandoopTest46$null;42;22;0;120;372;260;90;165;5;158;5752
238267;randoop.RandoopTest47$null;43;22;0;120;372;260;90;165;5;158;5872
244247;randoop.RandoopTest48$null;48;23;0;126;380;260;90;165;5;158;5998
249135;randoop.RandoopTest49$null;47;22;0;140;392;260;90;165;5;158;6138
254159;randoop.RandoopTest5$null;47;39;0;128;381;260;90;165;5;158;6266
259750;randoop.RandoopTest50$null;47;23;0;120;372;260;90;165;5;158;6386
265111;randoop.RandoopTest51$null;42;20;0;128;381;260;90;165;5;158;6514
270202;randoop.RandoopTest52$null;48;23;0;144;399;260;90;165;5;158;6658
276127;randoop.RandoopTest53$null;43;21;0;128;381;260;90;165;5;158;6786
280165;randoop.RandoopTest54$null;45;21;0;120;372;260;90;165;5;158;6906
284458;randoop.RandoopTest55$null;45;23;0;126;380;260;90;165;5;158;7032
288944;randoop.RandoopTest56$null;44;21;0;120;366;260;90;165;5;158;7152
293718;randoop.RandoopTest57$null;47;23;0;120;372;260;90;165;5;158;7272
299259;randoop.RandoopTest58$null;51;25;0;120;372;260;90;165;5;158;7392
304833;randoop.RandoopTest59$null;44;20;0;119;370;260;90;165;5;158;7511
311306;randoop.RandoopTest6$null;48;24;0;144;399;260;90;165;5;158;7655
317200;randoop.RandoopTest60$null;43;21;0;140;386;260;90;165;5;158;7795
322780;randoop.RandoopTest61$null;71;26;0;144;399;260;90;165;5;158;7939
327818;randoop.RandoopTest62$null;40;21;0;120;366;260;90;165;5;158;8059
333404;randoop.RandoopTest63$null;46;23;0;140;392;260;90;165;5;158;8199
338774;randoop.RandoopTest64$null;42;23;0;140;392;260;90;165;5;158;8339
343799;randoop.RandoopTest65$null;44;25;0;128;382;260;90;165;5;158;8467
348774;randoop.RandoopTest66$null;41;23;0;120;373;260;90;165;5;158;8587
353220;randoop.RandoopTest67$null;44;24;0;120;372;260;90;165;5;158;8707
357676;randoop.RandoopTest68$null;43;23;0;128;381;260;90;165;5;158;8835
362598;randoop.RandoopTest69$null;39;22;0;120;372;260;90;165;5;158;8955
368606;randoop.RandoopTest7$null;41;24;0;128;382;260;90;165;5;158;9083
373624;randoop.RandoopTest70$null;42;22;0;119;370;260;90;165;5;158;9202
378687;randoop.RandoopTest71$null;42;24;0;120;372;260;90;165;5;158;9322
382616;randoop.RandoopTest72$null;40;42;0;120;366;260;90;165;5;158;9442
386199;randoop.RandoopTest73$null;26;15;0;139;384;260;90;165;5;158;9581
390216;randoop.RandoopTest8$null;40;22;0;120;373;260;90;165;5;158;9701
396312;randoop.RandoopTest9$null;43;23;0;128;382;260;90;165;5;158;9829
