CurrentTotalRuntime;Testname;RuntimeToGetCoverage;RuntimeOriginal;KilledByTest;AnalyzedByTest;CoveredByTest;TotalKilled;TotalFailure;TotalException;TotalTimeout;LiveMutants;TotalAnalyzed
91;org.jsecurity.aop.AnnotationMethodInterceptorEvoSuiteTest$null;9;21;3;6;6;3;0;3;0;2234;6
1479;org.jsecurity.aop.MethodInterceptorSupportEvoSuiteTest$null;37;62;4;17;17;7;0;7;0;2230;23
3860;org.jsecurity.authc.SimpleAccountEvoSuiteTest$null;20;26;34;95;95;41;18;23;0;2196;118
4821;org.jsecurity.authc.SimpleAuthenticationInfoEvoSuiteTest$null;14;14;19;47;64;60;26;34;0;2177;165
4860;org.jsecurity.authc.credential.AllowAllCredentialsMatcherEvoSuiteTest$null;9;5;1;2;2;61;27;34;0;2176;167
7917;org.jsecurity.authc.credential.Md2CredentialsMatcherEvoSuiteTest$null;39;68;35;44;44;96;43;53;0;2141;211
8277;org.jsecurity.authc.credential.Md5CredentialsMatcherEvoSuiteTest$null;38;65;1;7;20;97;43;54;0;2140;218
27499;org.jsecurity.authc.credential.Sha1CredentialsMatcherEvoSuiteTest$null;40;45;246;357;371;343;161;182;0;1894;575
27845;org.jsecurity.authc.credential.Sha256CredentialsMatcherEvoSuiteTest$null;38;45;0;7;21;343;161;182;0;1894;582
28058;org.jsecurity.authc.credential.Sha384CredentialsMatcherEvoSuiteTest$null;36;41;0;4;5;343;161;182;0;1894;586
28617;org.jsecurity.authc.credential.Sha512CredentialsMatcherEvoSuiteTest$null;47;54;0;9;46;343;161;182;0;1894;595
30418;org.jsecurity.authc.credential.SimpleCredentialsMatcherEvoSuiteTest$null;39;45;1;30;36;344;161;183;0;1893;625
30604;org.jsecurity.authc.pam.AtLeastOneSuccessfulModularAuthenticationStrategyEvoSuiteTest$null;53;6;6;12;17;350;163;187;0;1887;637
30975;org.jsecurity.authc.pam.FirstSuccessfulAuthenticationStrategyEvoSuiteTest$null;11;7;7;22;37;357;163;194;0;1880;659
37233;org.jsecurity.authc.pam.ModularRealmAuthenticatorEvoSuiteTest$null;55;64;25;75;84;382;165;217;0;1855;734
38476;org.jsecurity.authz.SimpleAuthorizationInfoEvoSuiteTest$null;12;11;22;78;84;404;167;237;0;1833;812
44806;org.jsecurity.authz.SimpleAuthorizingAccountEvoSuiteTest$null;23;24;83;219;268;487;185;302;0;1750;1031
45029;org.jsecurity.authz.aop.AuthenticatedAnnotationHandlerEvoSuiteTest$null;6;3;2;6;6;489;185;304;0;1748;1037
45069;org.jsecurity.authz.aop.AuthenticatedAnnotationMethodInterceptorEvoSuiteTest$null;8;5;0;3;3;489;185;304;0;1748;1040
45091;org.jsecurity.authz.aop.AuthorizingAnnotationHandlerEvoSuiteTest$null;7;2;0;2;2;489;185;304;0;1748;1042
45132;org.jsecurity.authz.aop.AuthorizingAnnotationMethodInterceptorEvoSuiteTest$null;8;4;0;3;6;489;185;304;0;1748;1045
45313;org.jsecurity.authz.aop.GuestAnnotationHandlerEvoSuiteTest$null;7;3;2;6;6;491;185;306;0;1746;1051
45353;org.jsecurity.authz.aop.GuestAnnotationMethodInterceptorEvoSuiteTest$null;8;5;0;3;3;491;185;306;0;1746;1054
45376;org.jsecurity.authz.aop.PermissionAnnotationHandlerEvoSuiteTest$null;7;3;0;2;2;491;185;306;0;1746;1056
45418;org.jsecurity.authz.aop.PermissionAnnotationMethodInterceptorEvoSuiteTest$null;8;5;0;3;3;491;185;306;0;1746;1059
45442;org.jsecurity.authz.aop.RoleAnnotationHandlerEvoSuiteTest$null;6;3;0;2;2;491;185;306;0;1746;1061
45483;org.jsecurity.authz.aop.RoleAnnotationMethodInterceptorEvoSuiteTest$null;8;4;0;3;3;491;185;306;0;1746;1064
45669;org.jsecurity.authz.aop.UserAnnotationHandlerEvoSuiteTest$null;7;3;2;6;6;493;185;308;0;1744;1070
45710;org.jsecurity.authz.aop.UserAnnotationMethodInterceptorEvoSuiteTest$null;8;5;0;3;3;493;185;308;0;1744;1073
46332;org.jsecurity.authz.permission.AllPermissionEvoSuiteTest$null;6;2;3;53;73;496;186;310;0;1741;1126
47290;org.jsecurity.authz.permission.WildcardPermissionEvoSuiteTest$null;9;6;27;73;95;523;202;321;0;1714;1199
47301;org.jsecurity.authz.permission.WildcardPermissionResolverEvoSuiteTest$null;6;2;0;1;10;523;202;321;0;1714;1200
47332;org.jsecurity.cache.HashtableCacheEvoSuiteTest$null;7;6;1;3;3;524;203;321;0;1713;1203
47333;org.jsecurity.cache.HashtableCacheManagerEvoSuiteTest$null;6;2;0;0;0;524;203;321;0;1713;1203
56676;org.jsecurity.codec.Base64EvoSuiteTest$null;14;13;246;453;697;770;330;439;1;1467;1656
58809;org.jsecurity.codec.CodecSupportEvoSuiteTest$null;45;89;4;28;47;774;333;440;1;1463;1684
59131;org.jsecurity.codec.HexEvoSuiteTest$null;8;4;14;31;52;788;337;450;1;1449;1715
77736;org.jsecurity.config.IniConfigurationEvoSuiteTest$null;102;133;28;125;126;816;343;472;1;1421;1840
77737;org.jsecurity.config.ResourceConfigurationEvoSuiteTest$null;40;41;0;0;1;816;343;472;1;1421;1840
92808;org.jsecurity.config.TextConfigurationEvoSuiteTest$null;91;97;13;115;134;829;356;472;1;1408;1955
98430;org.jsecurity.crypto.BlowfishCipherEvoSuiteTest$null;40;60;5;77;265;834;356;477;1;1403;2032
100908;org.jsecurity.crypto.hash.AbstractHashEvoSuiteTest$null;14;12;21;111;485;855;375;479;1;1382;2143
102352;org.jsecurity.crypto.hash.Md2HashEvoSuiteTest$null;12;7;14;71;386;869;386;482;1;1368;2214
103094;org.jsecurity.crypto.hash.Md5HashEvoSuiteTest$null;11;7;3;36;191;872;388;482;2;1365;2250
104024;org.jsecurity.crypto.hash.Sha1HashEvoSuiteTest$null;11;7;2;49;293;874;389;483;2;1363;2299
105701;org.jsecurity.crypto.hash.Sha256HashEvoSuiteTest$null;12;8;9;83;442;883;395;486;2;1354;2382
107585;org.jsecurity.crypto.hash.Sha384HashEvoSuiteTest$null;12;8;4;95;497;887;397;488;2;1350;2477
108367;org.jsecurity.crypto.hash.Sha512HashEvoSuiteTest$null;11;6;2;42;272;889;398;489;2;1348;2519
109346;org.jsecurity.io.AbstractResourceEvoSuiteTest$null;37;36;3;15;21;892;401;489;2;1345;2534
109379;org.jsecurity.io.DefaultSerializerEvoSuiteTest$null;8;16;3;3;3;895;403;490;2;1342;2537
112379;org.jsecurity.io.IniResourceEvoSuiteTest$null;40;42;14;49;66;909;403;504;2;1328;2586
114133;org.jsecurity.io.ResourceUtilsEvoSuiteTest$null;37;40;14;41;51;923;411;510;2;1314;2627
114581;org.jsecurity.io.TextResourceEvoSuiteTest$null;36;37;1;11;22;924;411;511;2;1313;2638
114628;org.jsecurity.io.XmlSerializerEvoSuiteTest$null;11;40;2;4;4;926;412;512;2;1311;2642
115641;org.jsecurity.jndi.JndiLocatorEvoSuiteTest$null;37;41;5;24;24;931;415;514;2;1306;2666
117013;org.jsecurity.jndi.JndiTemplateEvoSuiteTest$null;37;37;6;20;21;937;421;514;2;1300;2686
143166;org.jsecurity.mgt.SessionsSecurityManagerEvoSuiteTest$null;106;119;15;185;408;952;423;527;2;1285;2871
144271;org.jsecurity.realm.CachingRealmEvoSuiteTest$null;45;47;1;16;19;953;424;527;2;1284;2887
146795;org.jsecurity.realm.jndi.JndiRealmFactoryEvoSuiteTest$null;37;37;5;34;41;958;425;531;2;1279;2921
149126;org.jsecurity.realm.ldap.DefaultLdapContextFactoryEvoSuiteTest$null;35;37;10;33;33;968;426;540;2;1269;2954
149325;org.jsecurity.realm.ldap.LdapUtilsEvoSuiteTest$null;33;31;2;3;3;970;427;541;2;1267;2957
149334;org.jsecurity.session.ProxiedSessionEvoSuiteTest$null;5;0;1;1;1;971;428;541;2;1266;2958
158168;org.jsecurity.util.AntPathMatcherEvoSuiteTest$null;15;10;243;408;408;1214;599;608;7;1023;3366
160210;org.jsecurity.util.ClassUtilsEvoSuiteTest$null;37;34;6;29;29;1220;601;612;7;1017;3395
160696;org.jsecurity.util.CollectionUtilsEvoSuiteTest$null;6;2;6;40;56;1226;601;618;7;1011;3435
160923;org.jsecurity.util.JdbcUtilsEvoSuiteTest$null;34;30;0;3;3;1226;601;618;7;1011;3438
162146;org.jsecurity.util.PermissionUtilsEvoSuiteTest$null;9;4;18;72;112;1244;603;634;7;993;3510
164275;org.jsecurity.util.StringUtilsEvoSuiteTest$null;12;6;58;135;155;1302;618;677;7;935;3645
164485;org.jsecurity.web.RedirectViewEvoSuiteTest$null;34;30;0;3;3;1302;618;677;7;935;3648
165482;org.jsecurity.web.attr.RequestParamAttributeEvoSuiteTest$null;35;29;0;15;15;1302;618;677;7;935;3663
165483;org.jsecurity.web.servlet.ServletContextSupportEvoSuiteTest$null;6;0;0;0;0;1302;618;677;7;935;3663
