CurrentTotalRuntime;Testname;RuntimeToGetCoverage;RuntimeOriginal;KilledByTest;AnalyzedByTest;CoveredByTest;TotalKilled;TotalFailure;TotalException;TotalTimeout;LiveMutants;TotalAnalyzed
93;org.jsecurity.aop.AnnotationMethodInterceptorEvoSuiteTest$null;10;21;3;6;6;3;0;3;0;2237;6
1463;org.jsecurity.aop.MethodInterceptorSupportEvoSuiteTest$null;41;58;4;17;17;7;0;7;0;2233;23
3959;org.jsecurity.authc.SimpleAccountEvoSuiteTest$null;21;24;34;95;95;41;18;23;0;2199;118
4911;org.jsecurity.authc.SimpleAuthenticationInfoEvoSuiteTest$null;14;14;19;47;64;60;26;34;0;2180;165
4942;org.jsecurity.authc.credential.AllowAllCredentialsMatcherEvoSuiteTest$null;9;5;1;2;2;61;27;34;0;2179;167
8204;org.jsecurity.authc.credential.Md2CredentialsMatcherEvoSuiteTest$null;39;65;35;44;44;96;43;53;0;2144;211
8731;org.jsecurity.authc.credential.Md5CredentialsMatcherEvoSuiteTest$null;39;62;1;7;20;97;43;54;0;2143;218
29860;org.jsecurity.authc.credential.Sha1CredentialsMatcherEvoSuiteTest$null;40;45;246;357;371;343;161;182;0;1897;575
30162;org.jsecurity.authc.credential.Sha256CredentialsMatcherEvoSuiteTest$null;39;45;0;7;21;343;161;182;0;1897;582
30357;org.jsecurity.authc.credential.Sha384CredentialsMatcherEvoSuiteTest$null;35;41;0;4;5;343;161;182;0;1897;586
30763;org.jsecurity.authc.credential.Sha512CredentialsMatcherEvoSuiteTest$null;42;53;0;9;46;343;161;182;0;1897;595
32267;org.jsecurity.authc.credential.SimpleCredentialsMatcherEvoSuiteTest$null;40;45;1;30;36;344;161;183;0;1896;625
32461;org.jsecurity.authc.pam.AtLeastOneSuccessfulModularAuthenticationStrategyEvoSuiteTest$null;10;7;6;12;17;350;163;187;0;1890;637
32816;org.jsecurity.authc.pam.FirstSuccessfulAuthenticationStrategyEvoSuiteTest$null;11;7;7;22;37;357;163;194;0;1883;659
39203;org.jsecurity.authc.pam.ModularRealmAuthenticatorEvoSuiteTest$null;54;64;25;75;84;382;166;216;0;1858;734
40330;org.jsecurity.authz.SimpleAuthorizationInfoEvoSuiteTest$null;12;12;22;78;84;404;168;236;0;1836;812
46668;org.jsecurity.authz.SimpleAuthorizingAccountEvoSuiteTest$null;21;23;83;219;268;487;187;300;0;1753;1031
46848;org.jsecurity.authz.aop.AuthenticatedAnnotationHandlerEvoSuiteTest$null;7;3;2;6;6;489;187;302;0;1751;1037
46888;org.jsecurity.authz.aop.AuthenticatedAnnotationMethodInterceptorEvoSuiteTest$null;8;4;0;3;3;489;187;302;0;1751;1040
46910;org.jsecurity.authz.aop.AuthorizingAnnotationHandlerEvoSuiteTest$null;39;3;0;2;2;489;187;302;0;1751;1042
46950;org.jsecurity.authz.aop.AuthorizingAnnotationMethodInterceptorEvoSuiteTest$null;17;4;0;3;6;489;187;302;0;1751;1045
47131;org.jsecurity.authz.aop.GuestAnnotationHandlerEvoSuiteTest$null;8;3;2;6;6;491;187;304;0;1749;1051
47174;org.jsecurity.authz.aop.GuestAnnotationMethodInterceptorEvoSuiteTest$null;8;4;0;3;3;491;187;304;0;1749;1054
47196;org.jsecurity.authz.aop.PermissionAnnotationHandlerEvoSuiteTest$null;7;3;0;2;2;491;187;304;0;1749;1056
47236;org.jsecurity.authz.aop.PermissionAnnotationMethodInterceptorEvoSuiteTest$null;8;5;0;3;3;491;187;304;0;1749;1059
47258;org.jsecurity.authz.aop.RoleAnnotationHandlerEvoSuiteTest$null;7;2;0;2;2;491;187;304;0;1749;1061
47339;org.jsecurity.authz.aop.RoleAnnotationMethodInterceptorEvoSuiteTest$null;8;4;0;3;3;491;187;304;0;1749;1064
47519;org.jsecurity.authz.aop.UserAnnotationHandlerEvoSuiteTest$null;6;3;2;6;6;493;187;306;0;1747;1070
47559;org.jsecurity.authz.aop.UserAnnotationMethodInterceptorEvoSuiteTest$null;8;4;0;3;3;493;187;306;0;1747;1073
48158;org.jsecurity.authz.permission.AllPermissionEvoSuiteTest$null;7;2;3;53;73;496;188;308;0;1744;1126
49060;org.jsecurity.authz.permission.WildcardPermissionEvoSuiteTest$null;8;5;27;73;95;523;203;320;0;1717;1199
49070;org.jsecurity.authz.permission.WildcardPermissionResolverEvoSuiteTest$null;6;1;0;1;10;523;203;320;0;1717;1200
49101;org.jsecurity.cache.HashtableCacheEvoSuiteTest$null;7;6;2;3;3;525;205;320;0;1715;1203
49102;org.jsecurity.cache.HashtableCacheManagerEvoSuiteTest$null;6;2;0;0;0;525;205;320;0;1715;1203
58122;org.jsecurity.codec.Base64EvoSuiteTest$null;14;11;189;453;697;714;274;439;1;1526;1656
61909;org.jsecurity.codec.CodecSupportEvoSuiteTest$null;46;63;2;48;143;716;274;441;1;1524;1704
62344;org.jsecurity.codec.HexEvoSuiteTest$null;8;4;20;41;62;736;277;458;1;1504;1745
79852;org.jsecurity.config.IniConfigurationEvoSuiteTest$null;103;133;28;125;126;764;283;480;1;1476;1870
79853;org.jsecurity.config.ResourceConfigurationEvoSuiteTest$null;40;41;0;0;1;764;283;480;1;1476;1870
94253;org.jsecurity.config.TextConfigurationEvoSuiteTest$null;91;97;13;115;134;777;296;480;1;1463;1985
102658;org.jsecurity.crypto.BlowfishCipherEvoSuiteTest$null;40;59;8;135;265;785;296;488;1;1455;2120
105683;org.jsecurity.crypto.hash.AbstractHashEvoSuiteTest$null;16;13;22;142;533;807;312;494;1;1433;2262
106740;org.jsecurity.crypto.hash.Md2HashEvoSuiteTest$null;11;8;3;51;173;810;314;494;2;1430;2313
108623;org.jsecurity.crypto.hash.Md5HashEvoSuiteTest$null;28;28;5;84;380;815;318;495;2;1425;2397
111725;org.jsecurity.crypto.hash.Sha1HashEvoSuiteTest$null;12;7;58;165;573;873;375;496;2;1367;2562
113616;org.jsecurity.crypto.hash.Sha256HashEvoSuiteTest$null;12;8;7;97;473;880;381;497;2;1360;2659
115547;org.jsecurity.crypto.hash.Sha384HashEvoSuiteTest$null;12;8;11;99;497;891;391;498;2;1349;2758
116311;org.jsecurity.crypto.hash.Sha512HashEvoSuiteTest$null;11;7;1;40;213;892;392;498;2;1348;2798
117130;org.jsecurity.io.AbstractResourceEvoSuiteTest$null;36;37;2;12;16;894;394;498;2;1346;2810
117170;org.jsecurity.io.DefaultSerializerEvoSuiteTest$null;7;7;2;4;4;896;395;499;2;1344;2814
120511;org.jsecurity.io.IniResourceEvoSuiteTest$null;39;40;23;63;79;919;396;521;2;1321;2877
122140;org.jsecurity.io.ResourceUtilsEvoSuiteTest$null;38;40;12;41;51;931;404;525;2;1309;2918
122756;org.jsecurity.io.TextResourceEvoSuiteTest$null;36;37;1;14;23;932;404;526;2;1308;2932
122823;org.jsecurity.io.XmlSerializerEvoSuiteTest$null;12;34;4;5;5;936;405;529;2;1304;2937
123846;org.jsecurity.jndi.JndiLocatorEvoSuiteTest$null;37;41;5;24;24;941;408;531;2;1299;2961
124947;org.jsecurity.jndi.JndiTemplateEvoSuiteTest$null;36;39;6;20;21;947;414;531;2;1293;2981
126862;org.jsecurity.realm.jndi.JndiRealmFactoryEvoSuiteTest$null;38;38;5;34;41;952;415;535;2;1288;3015
128734;org.jsecurity.realm.ldap.DefaultLdapContextFactoryEvoSuiteTest$null;36;36;10;33;33;962;416;544;2;1278;3048
128879;org.jsecurity.realm.ldap.LdapUtilsEvoSuiteTest$null;33;31;2;3;3;964;417;545;2;1276;3051
128888;org.jsecurity.session.ProxiedSessionEvoSuiteTest$null;5;1;1;1;1;965;418;545;2;1275;3052
131776;org.jsecurity.session.mgt.ExecutorServiceSessionValidationSchedulerEvoSuiteTest$null;44;42;5;46;46;970;422;546;2;1270;3098
140312;org.jsecurity.util.AntPathMatcherEvoSuiteTest$null;14;10;222;426;426;1192;577;605;10;1048;3524
142208;org.jsecurity.util.ClassUtilsEvoSuiteTest$null;35;34;5;29;29;1197;578;609;10;1043;3553
142620;org.jsecurity.util.CollectionUtilsEvoSuiteTest$null;6;2;7;40;56;1204;578;616;10;1036;3593
142832;org.jsecurity.util.JdbcUtilsEvoSuiteTest$null;33;30;0;3;3;1204;578;616;10;1036;3596
143978;org.jsecurity.util.PermissionUtilsEvoSuiteTest$null;8;4;16;71;112;1220;580;630;10;1020;3667
145842;org.jsecurity.util.StringUtilsEvoSuiteTest$null;11;8;44;129;154;1264;594;660;10;976;3796
146113;org.jsecurity.web.RedirectViewEvoSuiteTest$null;32;32;0;3;3;1264;594;660;10;976;3799
147118;org.jsecurity.web.attr.RequestParamAttributeEvoSuiteTest$null;33;32;0;15;15;1264;594;660;10;976;3814
147118;org.jsecurity.web.servlet.ServletContextSupportEvoSuiteTest$null;5;1;0;0;0;1264;594;660;10;976;3814
