CurrentTotalRuntime;Testname;RuntimeToGetCoverage;RuntimeOriginal;KilledByTest;AnalyzedByTest;CoveredByTest;TotalKilled;TotalFailure;TotalException;TotalTimeout;LiveMutants;TotalAnalyzed
82;org.jsecurity.aop.AnnotationMethodInterceptorEvoSuiteTest$null;11;22;3;6;6;3;0;3;0;1509;6
541;org.jsecurity.aop.MethodInterceptorSupportEvoSuiteTest$null;17;37;4;17;17;7;0;7;0;1505;23
2436;org.jsecurity.authc.SimpleAuthenticationInfoEvoSuiteTest$null;34;20;39;70;70;46;8;38;0;1466;93
2784;org.jsecurity.authc.UsernamePasswordTokenEvoSuiteTest$null;12;10;16;21;21;62;19;43;0;1450;114
2823;org.jsecurity.authc.credential.AllowAllCredentialsMatcherEvoSuiteTest$null;13;119;0;2;3;62;19;43;0;1450;116
17480;org.jsecurity.authc.credential.HashedCredentialsMatcherEvoSuiteTest$null;53;47;64;302;311;126;27;99;0;1386;418
17504;org.jsecurity.authc.credential.Md2CredentialsMatcherEvoSuiteTest$null;17;12;1;1;5;127;27;100;0;1385;419
19074;org.jsecurity.authc.credential.Md5CredentialsMatcherEvoSuiteTest$null;23;19;7;47;58;134;33;101;0;1378;466
19074;org.jsecurity.authc.credential.Sha1CredentialsMatcherEvoSuiteTest$null;16;11;0;0;5;134;33;101;0;1378;466
19075;org.jsecurity.authc.credential.Sha256CredentialsMatcherEvoSuiteTest$null;16;12;0;0;5;134;33;101;0;1378;466
28001;org.jsecurity.authc.credential.Sha384CredentialsMatcherEvoSuiteTest$null;20;14;168;271;297;302;113;188;1;1210;737
28803;org.jsecurity.authc.credential.Sha512CredentialsMatcherEvoSuiteTest$null;16;12;24;35;45;326;121;204;1;1186;772
29479;org.jsecurity.authc.credential.SimpleCredentialsMatcherEvoSuiteTest$null;21;14;3;24;29;329;121;207;1;1183;796
29604;org.jsecurity.authc.pam.AtLeastOneSuccessfulModularAuthenticationStrategyEvoSuiteTest$null;13;6;6;8;17;335;123;211;1;1177;804
33967;org.jsecurity.authc.pam.ModularRealmAuthenticatorEvoSuiteTest$null;51;49;16;72;83;351;125;225;1;1161;876
35134;org.jsecurity.authz.SimpleAuthorizationInfoEvoSuiteTest$null;14;7;28;84;84;379;126;252;1;1133;960
35219;org.jsecurity.authz.aop.AuthenticatedAnnotationHandlerEvoSuiteTest$null;8;3;2;6;6;381;126;254;1;1131;966
35258;org.jsecurity.authz.aop.AuthenticatedAnnotationMethodInterceptorEvoSuiteTest$null;10;5;0;3;3;381;126;254;1;1131;969
35280;org.jsecurity.authz.aop.AuthorizingAnnotationHandlerEvoSuiteTest$null;9;3;0;2;2;381;126;254;1;1131;971
35320;org.jsecurity.authz.aop.AuthorizingAnnotationMethodInterceptorEvoSuiteTest$null;35;4;0;3;6;381;126;254;1;1131;974
35404;org.jsecurity.authz.aop.GuestAnnotationHandlerEvoSuiteTest$null;8;3;2;6;6;383;126;256;1;1129;980
35443;org.jsecurity.authz.aop.GuestAnnotationMethodInterceptorEvoSuiteTest$null;9;4;0;3;3;383;126;256;1;1129;983
35465;org.jsecurity.authz.aop.PermissionAnnotationHandlerEvoSuiteTest$null;8;8;0;2;2;383;126;256;1;1129;985
35527;org.jsecurity.authz.aop.PermissionAnnotationMethodInterceptorEvoSuiteTest$null;9;5;0;3;3;383;126;256;1;1129;988
35549;org.jsecurity.authz.aop.RoleAnnotationHandlerEvoSuiteTest$null;8;3;0;2;2;383;126;256;1;1129;990
35588;org.jsecurity.authz.aop.RoleAnnotationMethodInterceptorEvoSuiteTest$null;9;5;0;3;3;383;126;256;1;1129;993
35673;org.jsecurity.authz.aop.UserAnnotationHandlerEvoSuiteTest$null;7;3;2;6;6;385;126;258;1;1127;999
35713;org.jsecurity.authz.aop.UserAnnotationMethodInterceptorEvoSuiteTest$null;9;5;0;3;3;385;126;258;1;1127;1002
35722;org.jsecurity.authz.permission.AllPermissionEvoSuiteTest$null;6;1;1;1;1;386;127;258;1;1126;1003
36655;org.jsecurity.authz.permission.WildcardPermissionEvoSuiteTest$null;10;4;25;74;95;411;141;269;1;1101;1077
37138;org.jsecurity.authz.permission.WildcardPermissionResolverEvoSuiteTest$null;8;3;0;43;72;411;141;269;1;1101;1120
37170;org.jsecurity.cache.HashtableCacheEvoSuiteTest$null;8;4;1;3;3;412;142;269;1;1100;1123
37170;org.jsecurity.cache.HashtableCacheManagerEvoSuiteTest$null;7;2;0;0;0;412;142;269;1;1100;1123
37513;org.jsecurity.codec.CodecSupportEvoSuiteTest$null;19;16;1;11;24;413;142;270;1;1099;1134
37807;org.jsecurity.codec.HexEvoSuiteTest$null;9;4;9;26;52;422;142;279;1;1090;1160
52156;org.jsecurity.config.TextConfigurationEvoSuiteTest$null;79;109;34;156;156;456;142;313;1;1056;1316
57200;org.jsecurity.crypto.BlowfishCipherEvoSuiteTest$null;18;36;26;190;265;482;142;338;2;1030;1506
62925;org.jsecurity.crypto.hash.AbstractHashEvoSuiteTest$null;16;11;93;220;449;575;193;380;2;937;1726
65814;org.jsecurity.crypto.hash.Md2HashEvoSuiteTest$null;21;79;1;89;234;576;193;381;2;936;1815
68031;org.jsecurity.crypto.hash.Md5HashEvoSuiteTest$null;35;31;2;90;234;578;193;383;2;934;1905
72601;org.jsecurity.crypto.hash.Sha1HashEvoSuiteTest$null;12;7;114;212;545;692;294;396;2;820;2117
74862;org.jsecurity.crypto.hash.Sha256HashEvoSuiteTest$null;13;8;1;114;574;693;295;396;2;819;2231
75848;org.jsecurity.crypto.hash.Sha384HashEvoSuiteTest$null;12;8;2;48;215;695;296;397;2;817;2279
79206;org.jsecurity.crypto.hash.Sha512HashEvoSuiteTest$null;12;8;40;153;551;735;321;412;2;777;2432
79256;org.jsecurity.io.DefaultSerializerEvoSuiteTest$null;8;8;2;4;4;737;322;413;2;775;2436
80793;org.jsecurity.io.IniResourceEvoSuiteTest$null;16;16;22;57;63;759;332;425;2;753;2493
81128;org.jsecurity.io.TextResourceEvoSuiteTest$null;13;8;0;13;21;759;332;425;2;753;2506
81200;org.jsecurity.io.XmlSerializerEvoSuiteTest$null;12;15;2;4;4;761;333;426;2;751;2510
81675;org.jsecurity.jndi.JndiLocatorEvoSuiteTest$null;14;12;5;22;22;766;336;428;2;746;2532
82012;org.jsecurity.jndi.JndiTemplateEvoSuiteTest$null;13;9;6;16;17;772;342;428;2;740;2548
82879;org.jsecurity.realm.jndi.JndiRealmFactoryEvoSuiteTest$null;15;10;5;34;40;777;343;432;2;735;2582
84005;org.jsecurity.realm.ldap.AbstractLdapRealmEvoSuiteTest$null;24;19;9;27;28;786;352;432;2;726;2609
84630;org.jsecurity.realm.ldap.DefaultLdapContextFactoryEvoSuiteTest$null;13;10;11;32;32;797;353;442;2;715;2641
84682;org.jsecurity.realm.ldap.LdapUtilsEvoSuiteTest$null;11;7;2;3;3;799;354;443;2;713;2644
84692;org.jsecurity.session.ProxiedSessionEvoSuiteTest$null;6;1;1;1;1;800;355;443;2;712;2645
85361;org.jsecurity.util.ClassUtilsEvoSuiteTest$null;13;9;5;29;29;805;358;445;2;707;2674
85832;org.jsecurity.util.CollectionUtilsEvoSuiteTest$null;7;2;6;42;56;811;358;451;2;701;2716
85932;org.jsecurity.util.JavaEnvironmentEvoSuiteTest$null;5;1;4;11;11;815;362;451;2;697;2727
85984;org.jsecurity.util.JdbcUtilsEvoSuiteTest$null;11;5;0;3;3;815;362;451;2;697;2730
87191;org.jsecurity.util.PermissionUtilsEvoSuiteTest$null;9;4;18;75;112;833;363;468;2;679;2805
89074;org.jsecurity.util.StringUtilsEvoSuiteTest$null;12;7;44;133;157;877;378;497;2;635;2938
89124;org.jsecurity.web.RedirectViewEvoSuiteTest$null;10;6;0;3;3;877;378;497;2;635;2941
89458;org.jsecurity.web.attr.RequestParamAttributeEvoSuiteTest$null;11;7;0;15;15;877;378;497;2;635;2956
89458;org.jsecurity.web.servlet.ServletContextSupportEvoSuiteTest$null;6;1;0;0;0;877;378;497;2;635;2956
