CurrentTotalRuntime;Testname;RuntimeToGetCoverage;RuntimeOriginal;KilledByTest;AnalyzedByTest;CoveredByTest;TotalKilled;TotalFailure;TotalException;TotalTimeout;LiveMutants;TotalAnalyzed
87;org.jsecurity.aop.AnnotationMethodInterceptorEvoSuiteTest$null;12;22;2;5;5;2;1;1;0;1589;5
645;org.jsecurity.aop.MethodInterceptorSupportEvoSuiteTest$null;17;36;4;17;17;6;1;5;0;1585;22
2227;org.jsecurity.authc.SimpleAuthenticationInfoEvoSuiteTest$null;17;11;37;69;69;43;14;29;0;1548;91
2565;org.jsecurity.authc.UsernamePasswordTokenEvoSuiteTest$null;12;8;13;19;19;56;24;32;0;1535;110
2579;org.jsecurity.authc.credential.AllowAllCredentialsMatcherEvoSuiteTest$null;10;4;1;1;1;57;25;32;0;1534;111
16116;org.jsecurity.authc.credential.HashedCredentialsMatcherEvoSuiteTest$null;35;41;59;310;319;116;32;84;0;1475;421
17228;org.jsecurity.authc.credential.Md2CredentialsMatcherEvoSuiteTest$null;16;14;27;41;45;143;41;101;1;1448;462
17565;org.jsecurity.authc.credential.Md5CredentialsMatcherEvoSuiteTest$null;17;13;0;14;45;143;41;101;1;1448;476
17898;org.jsecurity.authc.credential.Sha1CredentialsMatcherEvoSuiteTest$null;16;13;0;13;43;143;41;101;1;1448;489
18174;org.jsecurity.authc.credential.Sha256CredentialsMatcherEvoSuiteTest$null;18;15;0;11;21;143;41;101;1;1448;500
20160;org.jsecurity.authc.credential.Sha384CredentialsMatcherEvoSuiteTest$null;23;20;5;58;77;148;45;102;1;1443;558
20234;org.jsecurity.authc.credential.Sha512CredentialsMatcherEvoSuiteTest$null;16;11;0;3;6;148;45;102;1;1443;561
21064;org.jsecurity.authc.credential.SimpleCredentialsMatcherEvoSuiteTest$null;21;15;3;27;31;151;45;105;1;1440;588
23056;org.jsecurity.authc.pam.AllSuccessfulModularAuthenticationStrategyEvoSuiteTest$null;35;34;7;43;60;158;45;112;1;1433;631
23239;org.jsecurity.authc.pam.AtLeastOneSuccessfulModularAuthenticationStrategyEvoSuiteTest$null;15;106;3;9;16;161;47;113;1;1430;640
27829;org.jsecurity.authc.pam.ModularRealmAuthenticatorEvoSuiteTest$null;73;48;16;73;95;177;48;128;1;1414;713
27914;org.jsecurity.authz.aop.AuthenticatedAnnotationHandlerEvoSuiteTest$null;9;3;2;6;6;179;48;130;1;1412;719
27954;org.jsecurity.authz.aop.AuthenticatedAnnotationMethodInterceptorEvoSuiteTest$null;9;5;0;3;3;179;48;130;1;1412;722
27977;org.jsecurity.authz.aop.AuthorizingAnnotationHandlerEvoSuiteTest$null;8;3;0;2;2;179;48;130;1;1412;724
28031;org.jsecurity.authz.aop.AuthorizingAnnotationMethodInterceptorEvoSuiteTest$null;9;5;1;4;6;180;48;131;1;1411;728
28122;org.jsecurity.authz.aop.GuestAnnotationHandlerEvoSuiteTest$null;7;3;2;6;6;182;48;133;1;1409;734
28164;org.jsecurity.authz.aop.GuestAnnotationMethodInterceptorEvoSuiteTest$null;9;5;0;3;3;182;48;133;1;1409;737
28189;org.jsecurity.authz.aop.PermissionAnnotationHandlerEvoSuiteTest$null;8;8;0;2;2;182;48;133;1;1409;739
28234;org.jsecurity.authz.aop.PermissionAnnotationMethodInterceptorEvoSuiteTest$null;9;5;0;3;3;182;48;133;1;1409;742
28258;org.jsecurity.authz.aop.RoleAnnotationHandlerEvoSuiteTest$null;8;3;0;2;2;182;48;133;1;1409;744
28301;org.jsecurity.authz.aop.RoleAnnotationMethodInterceptorEvoSuiteTest$null;9;5;0;3;3;182;48;133;1;1409;747
28396;org.jsecurity.authz.aop.UserAnnotationHandlerEvoSuiteTest$null;7;3;2;6;6;184;48;135;1;1407;753
28458;org.jsecurity.authz.aop.UserAnnotationMethodInterceptorEvoSuiteTest$null;9;5;0;3;3;184;48;135;1;1407;756
29252;org.jsecurity.authz.permission.AllPermissionEvoSuiteTest$null;7;3;21;73;73;205;49;155;1;1386;829
30241;org.jsecurity.authz.permission.WildcardPermissionEvoSuiteTest$null;10;4;25;75;95;230;63;166;1;1361;904
30251;org.jsecurity.authz.permission.WildcardPermissionResolverEvoSuiteTest$null;6;2;0;1;10;230;63;166;1;1361;905
30283;org.jsecurity.cache.HashtableCacheEvoSuiteTest$null;8;3;1;3;3;231;64;166;1;1360;908
30283;org.jsecurity.cache.HashtableCacheManagerEvoSuiteTest$null;6;2;0;0;0;231;64;166;1;1360;908
44281;org.jsecurity.codec.Base64EvoSuiteTest$null;17;9;313;649;697;544;169;373;2;1047;1557
44879;org.jsecurity.codec.CodecSupportEvoSuiteTest$null;22;36;2;18;32;546;169;375;2;1045;1575
45194;org.jsecurity.codec.HexEvoSuiteTest$null;8;4;9;26;52;555;169;384;2;1036;1601
45223;org.jsecurity.config.ResourceConfigurationEvoSuiteTest$null;19;16;0;1;1;555;169;384;2;1036;1602
57507;org.jsecurity.config.TextConfigurationEvoSuiteTest$null;73;103;30;129;130;585;182;401;2;1006;1731
61293;org.jsecurity.crypto.BlowfishCipherEvoSuiteTest$null;18;37;13;149;265;598;182;414;2;993;1880
68014;org.jsecurity.crypto.hash.AbstractHashEvoSuiteTest$null;26;46;127;257;584;725;305;418;2;866;2137
69209;org.jsecurity.crypto.hash.Md2HashEvoSuiteTest$null;23;37;1;32;152;726;306;418;2;865;2169
69828;org.jsecurity.crypto.hash.Md5HashEvoSuiteTest$null;13;8;2;32;138;728;308;418;2;863;2201
72189;org.jsecurity.crypto.hash.Sha1HashEvoSuiteTest$null;12;8;24;118;564;752;330;420;2;839;2319
73722;org.jsecurity.crypto.hash.Sha256HashEvoSuiteTest$null;13;8;2;77;431;754;330;422;2;837;2396
75574;org.jsecurity.crypto.hash.Sha384HashEvoSuiteTest$null;12;8;5;91;553;759;334;423;2;832;2487
76744;org.jsecurity.crypto.hash.Sha512HashEvoSuiteTest$null;13;8;1;59;313;760;334;424;2;831;2546
76800;org.jsecurity.io.DefaultSerializerEvoSuiteTest$null;7;8;4;5;5;764;335;427;2;827;2551
78240;org.jsecurity.io.IniResourceEvoSuiteTest$null;17;14;17;55;65;781;341;438;2;810;2606
79076;org.jsecurity.io.ResourceUtilsEvoSuiteTest$null;15;12;14;38;48;795;349;444;2;796;2644
79299;org.jsecurity.io.TextResourceEvoSuiteTest$null;15;8;1;10;22;796;349;445;2;795;2654
79406;org.jsecurity.io.XmlSerializerEvoSuiteTest$null;12;30;4;5;5;800;350;448;2;791;2659
79923;org.jsecurity.jndi.JndiLocatorEvoSuiteTest$null;14;12;5;22;22;805;353;450;2;786;2681
80249;org.jsecurity.jndi.JndiTemplateEvoSuiteTest$null;13;9;6;16;17;811;359;450;2;780;2697
80948;org.jsecurity.realm.CachingRealmEvoSuiteTest$null;25;22;1;17;18;812;360;450;2;779;2714
81801;org.jsecurity.realm.jndi.JndiRealmFactoryEvoSuiteTest$null;15;10;6;34;40;818;361;455;2;773;2748
82627;org.jsecurity.realm.ldap.DefaultLdapContextFactoryEvoSuiteTest$null;12;8;9;32;32;827;362;463;2;764;2780
82695;org.jsecurity.realm.ldap.LdapUtilsEvoSuiteTest$null;11;7;2;3;3;829;363;464;2;762;2783
82708;org.jsecurity.session.ProxiedSessionEvoSuiteTest$null;5;1;1;1;1;830;364;464;2;761;2784
83548;org.jsecurity.util.ClassUtilsEvoSuiteTest$null;14;10;6;29;29;836;366;468;2;755;2813
84024;org.jsecurity.util.CollectionUtilsEvoSuiteTest$null;7;2;6;42;56;842;366;474;2;749;2855
84162;org.jsecurity.util.JavaEnvironmentEvoSuiteTest$null;6;2;4;11;11;846;370;474;2;745;2866
84212;org.jsecurity.util.JdbcUtilsEvoSuiteTest$null;10;6;0;3;3;846;370;474;2;745;2869
85352;org.jsecurity.util.PermissionUtilsEvoSuiteTest$null;10;5;17;74;112;863;371;490;2;728;2943
87273;org.jsecurity.util.StringUtilsEvoSuiteTest$null;12;7;54;136;149;917;389;526;2;674;3079
87323;org.jsecurity.web.RedirectViewEvoSuiteTest$null;10;6;0;3;3;917;389;526;2;674;3082
87600;org.jsecurity.web.attr.RequestParamAttributeEvoSuiteTest$null;11;7;0;15;15;917;389;526;2;674;3097
87601;org.jsecurity.web.servlet.ServletContextSupportEvoSuiteTest$null;5;1;0;0;0;917;389;526;2;674;3097
