CurrentTotalRuntime;Testname;RuntimeToGetCoverage;RuntimeOriginal;KilledByTest;AnalyzedByTest;CoveredByTest;TotalKilled;TotalFailure;TotalException;TotalTimeout;LiveMutants;TotalAnalyzed
935;org.jsecurity.SecurityUtilsEvoSuiteTest$null;41;139;4;14;14;4;0;4;0;2199;14
1038;org.jsecurity.aop.AnnotationMethodInterceptorEvoSuiteTest$null;10;13;3;6;6;7;0;7;0;2196;20
2052;org.jsecurity.aop.MethodInterceptorSupportEvoSuiteTest$null;39;107;0;13;17;7;0;7;0;2196;33
4522;org.jsecurity.authc.SimpleAccountEvoSuiteTest$null;21;50;34;95;95;41;18;23;0;2162;128
5427;org.jsecurity.authc.SimpleAuthenticationInfoEvoSuiteTest$null;16;14;19;47;64;60;26;34;0;2143;175
5460;org.jsecurity.authc.credential.AllowAllCredentialsMatcherEvoSuiteTest$null;10;6;1;2;2;61;27;34;0;2142;177
8334;org.jsecurity.authc.credential.Md2CredentialsMatcherEvoSuiteTest$null;44;78;35;44;44;96;43;53;0;2107;221
8817;org.jsecurity.authc.credential.Md5CredentialsMatcherEvoSuiteTest$null;42;46;1;7;20;97;43;54;0;2106;228
30051;org.jsecurity.authc.credential.Sha1CredentialsMatcherEvoSuiteTest$null;43;45;246;357;371;343;161;182;0;1860;585
30541;org.jsecurity.authc.credential.Sha256CredentialsMatcherEvoSuiteTest$null;42;44;0;7;21;343;161;182;0;1860;592
30782;org.jsecurity.authc.credential.Sha384CredentialsMatcherEvoSuiteTest$null;38;41;0;4;5;343;161;182;0;1860;596
31326;org.jsecurity.authc.credential.Sha512CredentialsMatcherEvoSuiteTest$null;45;53;0;9;46;343;161;182;0;1860;605
32946;org.jsecurity.authc.credential.SimpleCredentialsMatcherEvoSuiteTest$null;43;46;1;30;36;344;161;183;0;1859;635
33143;org.jsecurity.authc.pam.AtLeastOneSuccessfulModularAuthenticationStrategyEvoSuiteTest$null;11;7;6;12;17;350;163;187;0;1853;647
33483;org.jsecurity.authc.pam.FirstSuccessfulAuthenticationStrategyEvoSuiteTest$null;12;7;7;22;37;357;163;194;0;1846;669
39345;org.jsecurity.authc.pam.ModularRealmAuthenticatorEvoSuiteTest$null;59;67;25;75;84;382;166;216;0;1821;744
40446;org.jsecurity.authz.SimpleAuthorizationInfoEvoSuiteTest$null;13;11;22;78;84;404;168;236;0;1799;822
46851;org.jsecurity.authz.SimpleAuthorizingAccountEvoSuiteTest$null;23;25;83;219;268;487;186;301;0;1716;1041
47033;org.jsecurity.authz.aop.AuthenticatedAnnotationHandlerEvoSuiteTest$null;8;3;2;6;6;489;186;303;0;1714;1047
47073;org.jsecurity.authz.aop.AuthenticatedAnnotationMethodInterceptorEvoSuiteTest$null;38;4;0;3;3;489;186;303;0;1714;1050
47095;org.jsecurity.authz.aop.AuthorizingAnnotationHandlerEvoSuiteTest$null;7;3;0;2;2;489;186;303;0;1714;1052
47136;org.jsecurity.authz.aop.AuthorizingAnnotationMethodInterceptorEvoSuiteTest$null;8;4;0;3;6;489;186;303;0;1714;1055
47316;org.jsecurity.authz.aop.GuestAnnotationHandlerEvoSuiteTest$null;7;14;2;6;6;491;186;305;0;1712;1061
47357;org.jsecurity.authz.aop.GuestAnnotationMethodInterceptorEvoSuiteTest$null;8;4;0;3;3;491;186;305;0;1712;1064
47381;org.jsecurity.authz.aop.PermissionAnnotationHandlerEvoSuiteTest$null;7;3;0;2;2;491;186;305;0;1712;1066
47421;org.jsecurity.authz.aop.PermissionAnnotationMethodInterceptorEvoSuiteTest$null;8;4;0;3;3;491;186;305;0;1712;1069
47443;org.jsecurity.authz.aop.RoleAnnotationHandlerEvoSuiteTest$null;7;3;0;2;2;491;186;305;0;1712;1071
47483;org.jsecurity.authz.aop.RoleAnnotationMethodInterceptorEvoSuiteTest$null;8;5;0;3;3;491;186;305;0;1712;1074
47711;org.jsecurity.authz.aop.UserAnnotationHandlerEvoSuiteTest$null;7;3;2;6;6;493;186;307;0;1710;1080
47751;org.jsecurity.authz.aop.UserAnnotationMethodInterceptorEvoSuiteTest$null;7;4;0;3;3;493;186;307;0;1710;1083
48365;org.jsecurity.authz.permission.AllPermissionEvoSuiteTest$null;7;2;3;53;73;496;187;309;0;1707;1136
49260;org.jsecurity.authz.permission.WildcardPermissionEvoSuiteTest$null;9;6;27;73;95;523;203;320;0;1680;1209
49270;org.jsecurity.authz.permission.WildcardPermissionResolverEvoSuiteTest$null;6;2;0;1;10;523;203;320;0;1680;1210
49300;org.jsecurity.cache.HashtableCacheEvoSuiteTest$null;7;5;1;3;3;524;204;320;0;1679;1213
49301;org.jsecurity.cache.HashtableCacheManagerEvoSuiteTest$null;6;2;0;0;0;524;204;320;0;1679;1213
58565;org.jsecurity.codec.Base64EvoSuiteTest$null;15;13;291;453;697;815;378;436;1;1388;1666
61932;org.jsecurity.codec.CodecSupportEvoSuiteTest$null;46;63;5;50;284;820;381;438;1;1383;1716
62232;org.jsecurity.codec.HexEvoSuiteTest$null;8;5;14;31;52;834;385;448;1;1369;1747
82118;org.jsecurity.config.IniConfigurationEvoSuiteTest$null;103;136;28;125;126;862;391;470;1;1341;1872
82119;org.jsecurity.config.ResourceConfigurationEvoSuiteTest$null;40;40;0;0;1;862;391;470;1;1341;1872
95282;org.jsecurity.config.TextConfigurationEvoSuiteTest$null;106;99;13;115;134;875;404;470;1;1328;1987
98639;org.jsecurity.crypto.BlowfishCipherEvoSuiteTest$null;48;60;6;59;265;881;404;476;1;1322;2046
101155;org.jsecurity.crypto.hash.AbstractHashEvoSuiteTest$null;25;17;13;93;459;894;415;478;1;1309;2139
102646;org.jsecurity.crypto.hash.Md2HashEvoSuiteTest$null;14;7;2;65;317;896;416;478;2;1307;2204
103067;org.jsecurity.crypto.hash.Md5HashEvoSuiteTest$null;13;7;2;17;144;898;417;479;2;1305;2221
105403;org.jsecurity.crypto.hash.Sha1HashEvoSuiteTest$null;14;8;4;104;584;902;419;481;2;1301;2325
107435;org.jsecurity.crypto.hash.Sha256HashEvoSuiteTest$null;15;8;1;90;556;903;420;481;2;1300;2415
109794;org.jsecurity.crypto.hash.Sha384HashEvoSuiteTest$null;14;20;3;66;357;906;421;483;2;1297;2481
111702;org.jsecurity.crypto.hash.Sha512HashEvoSuiteTest$null;14;7;4;98;555;910;422;486;2;1293;2579
113309;org.jsecurity.io.AbstractResourceEvoSuiteTest$null;45;38;9;25;34;919;425;492;2;1284;2604
113358;org.jsecurity.io.DefaultSerializerEvoSuiteTest$null;8;8;4;5;5;923;426;495;2;1280;2609
117709;org.jsecurity.io.IniResourceEvoSuiteTest$null;47;41;18;65;88;941;427;512;2;1262;2674
120075;org.jsecurity.io.ResourceUtilsEvoSuiteTest$null;45;38;12;41;51;953;435;516;2;1250;2715
120765;org.jsecurity.io.TextResourceEvoSuiteTest$null;43;36;1;13;23;954;435;517;2;1249;2728
120833;org.jsecurity.io.XmlSerializerEvoSuiteTest$null;14;41;2;4;4;956;436;518;2;1247;2732
122250;org.jsecurity.jndi.JndiLocatorEvoSuiteTest$null;44;40;4;24;24;960;438;520;2;1243;2756
123413;org.jsecurity.jndi.JndiTemplateEvoSuiteTest$null;37;36;6;20;21;966;444;520;2;1237;2776
125766;org.jsecurity.realm.CachingRealmEvoSuiteTest$null;46;47;8;30;31;974;452;520;2;1229;2806
127529;org.jsecurity.realm.jndi.JndiRealmFactoryEvoSuiteTest$null;38;54;5;34;41;979;453;524;2;1224;2840
129024;org.jsecurity.realm.ldap.DefaultLdapContextFactoryEvoSuiteTest$null;36;36;10;33;33;989;454;533;2;1214;2873
129138;org.jsecurity.realm.ldap.LdapUtilsEvoSuiteTest$null;33;32;2;3;3;991;455;534;2;1212;2876
129146;org.jsecurity.session.ProxiedSessionEvoSuiteTest$null;6;1;1;1;1;992;456;534;2;1211;2877
129875;org.jsecurity.subject.SimplePrincipalCollectionEvoSuiteTest$null;19;17;33;48;72;1025;468;555;2;1178;2925
138563;org.jsecurity.util.AntPathMatcherEvoSuiteTest$null;15;12;234;409;409;1259;621;626;12;944;3334
138930;org.jsecurity.util.CollectionUtilsEvoSuiteTest$null;6;2;6;40;56;1265;621;632;12;938;3374
139136;org.jsecurity.util.JdbcUtilsEvoSuiteTest$null;32;31;0;3;3;1265;621;632;12;938;3377
140261;org.jsecurity.util.PermissionUtilsEvoSuiteTest$null;9;4;13;72;112;1278;622;644;12;925;3449
142127;org.jsecurity.util.StringUtilsEvoSuiteTest$null;11;7;55;129;155;1333;640;681;12;870;3578
142320;org.jsecurity.web.RedirectViewEvoSuiteTest$null;63;31;0;3;3;1333;640;681;12;870;3581
143207;org.jsecurity.web.attr.RequestParamAttributeEvoSuiteTest$null;34;33;0;15;15;1333;640;681;12;870;3596
143208;org.jsecurity.web.servlet.ServletContextSupportEvoSuiteTest$null;5;0;0;0;0;1333;640;681;12;870;3596
