CurrentTotalRuntime;Testname;RuntimeToGetCoverage;RuntimeOriginal;KilledByTest;AnalyzedByTest;CoveredByTest;TotalKilled;TotalFailure;TotalException;TotalTimeout;LiveMutants;TotalAnalyzed
12;com.google.earth.kml._2.AltitudeModeTypeEvoSuiteTest$null;6;16;2;2;2;2;1;1;0;245;2
12;com.google.earth.kml._2.KmlTypeEvoSuiteTest$null;4;1;0;0;0;2;1;1;0;245;2
13;com.google.earth.kml._2.ObjectFactoryEvoSuiteTest$null;8;8;0;0;0;2;1;1;0;245;2
13;com.google.earth.kml._2.PlacemarkTypeEvoSuiteTest$null;5;4;0;0;0;2;1;1;0;245;2
13;com.google.earth.kml._2.PointTypeEvoSuiteTest$null;7;4;0;0;0;2;1;1;0;245;2
20;com.google.earth.kml._2.ResponseTypeEvoSuiteTest$null;5;3;1;1;1;3;2;1;0;244;3
20;com.google.earth.kml._2.StatusTypeEvoSuiteTest$null;5;3;0;0;0;3;2;1;0;244;3
221;geo.google.datamodel.GeoAddressAccuracyEvoSuiteTest$null;7;5;2;20;20;5;4;1;0;242;23
401;geo.google.datamodel.GeoStatusCodeEvoSuiteTest$null;7;5;2;20;20;7;6;1;0;240;43
1455;geo.google.datamodel.GeoUtilsEvoSuiteTest$null;8;5;53;92;92;60;59;1;0;187;135
1922;geo.google.mapping.AddressToUsAddressFunctorEvoSuiteTest$null;27;8;2;30;32;62;59;3;0;185;165
2459;geo.google.mapping.MappingUtilsEvoSuiteTest$null;9;6;14;41;43;76;62;14;0;171;206
2940;geo.google.mapping.PointToCoordinateFunctorEvoSuiteTest$null;10;8;4;31;45;80;65;15;0;167;237
3263;geo.google.mapping.XSLTMappingFunctorEvoSuiteTest$null;11;26;0;18;20;80;65;15;0;167;255
12651;geo.google.mapping.XmlToAddressFunctorEvoSuiteTest$null;590;821;0;19;21;80;65;15;0;167;274
12652;geo.google.mapping.XmlToUsAddressFunctorEvoSuiteTest$null;6;2;0;0;0;80;65;15;0;167;274
12653;geo.google.utils.XmlUtilsEvoSuiteTest$null;8;20;0;0;0;80;65;15;0;167;274
12837;oasis.names.tc.ciq.xsdschema.xal._2.AddressDetailsEvoSuiteTest$null;27;31;8;8;8;88;71;17;0;159;282
12837;oasis.names.tc.ciq.xsdschema.xal._2.AddressLineEvoSuiteTest$null;6;2;0;0;0;88;71;17;0;159;282
12851;oasis.names.tc.ciq.xsdschema.xal._2.AddressLinesTypeEvoSuiteTest$null;4;2;2;2;2;90;73;17;0;157;284
12989;oasis.names.tc.ciq.xsdschema.xal._2.AdministrativeAreaEvoSuiteTest$null;13;12;6;6;6;96;79;17;0;151;290
12989;oasis.names.tc.ciq.xsdschema.xal._2.BuildingNameTypeEvoSuiteTest$null;5;3;0;0;0;96;79;17;0;151;290
12990;oasis.names.tc.ciq.xsdschema.xal._2.CountryNameEvoSuiteTest$null;6;2;0;0;0;96;79;17;0;151;290
13014;oasis.names.tc.ciq.xsdschema.xal._2.DepartmentEvoSuiteTest$null;10;6;3;3;3;99;82;17;0;148;293
13055;oasis.names.tc.ciq.xsdschema.xal._2.DependentLocalityTypeEvoSuiteTest$null;16;12;3;3;3;102;85;17;0;145;296
13086;oasis.names.tc.ciq.xsdschema.xal._2.FirmTypeEvoSuiteTest$null;10;6;4;4;4;106;89;17;0;141;300
13129;oasis.names.tc.ciq.xsdschema.xal._2.LargeMailUserTypeEvoSuiteTest$null;12;9;4;4;4;110;93;17;0;137;304
13162;oasis.names.tc.ciq.xsdschema.xal._2.LocalityEvoSuiteTest$null;11;9;3;3;3;113;96;17;0;134;307
13181;oasis.names.tc.ciq.xsdschema.xal._2.MailStopTypeEvoSuiteTest$null;8;6;2;2;2;115;98;17;0;132;309
13182;oasis.names.tc.ciq.xsdschema.xal._2.ObjectFactoryEvoSuiteTest$null;55;56;0;0;0;115;98;17;0;132;309
13213;oasis.names.tc.ciq.xsdschema.xal._2.PostBoxEvoSuiteTest$null;13;12;2;2;2;117;100;17;0;130;311
13249;oasis.names.tc.ciq.xsdschema.xal._2.PostOfficeEvoSuiteTest$null;11;8;3;3;3;120;103;17;0;127;314
13327;oasis.names.tc.ciq.xsdschema.xal._2.PostalCodeEvoSuiteTest$null;12;10;6;6;6;126;109;17;0;121;320
13358;oasis.names.tc.ciq.xsdschema.xal._2.PostalRouteTypeEvoSuiteTest$null;9;7;3;3;3;129;112;17;0;118;323
13648;oasis.names.tc.ciq.xsdschema.xal._2.PremiseEvoSuiteTest$null;18;16;16;16;16;145;127;18;0;102;339
13649;oasis.names.tc.ciq.xsdschema.xal._2.PremiseNumberEvoSuiteTest$null;6;4;0;0;0;145;127;18;0;102;339
13649;oasis.names.tc.ciq.xsdschema.xal._2.PremiseNumberPrefixEvoSuiteTest$null;5;3;0;0;0;145;127;18;0;102;339
13650;oasis.names.tc.ciq.xsdschema.xal._2.PremiseNumberSuffixEvoSuiteTest$null;6;2;0;0;0;145;127;18;0;102;339
13768;oasis.names.tc.ciq.xsdschema.xal._2.SubPremiseTypeEvoSuiteTest$null;16;16;7;7;7;152;134;18;0;95;346
14005;oasis.names.tc.ciq.xsdschema.xal._2.ThoroughfareEvoSuiteTest$null;19;20;12;12;12;164;146;18;0;83;358
14005;oasis.names.tc.ciq.xsdschema.xal._2.ThoroughfareLeadingTypeTypeEvoSuiteTest$null;5;2;0;0;0;164;146;18;0;83;358
14005;oasis.names.tc.ciq.xsdschema.xal._2.ThoroughfareNameTypeEvoSuiteTest$null;5;2;0;0;0;164;146;18;0;83;358
14006;oasis.names.tc.ciq.xsdschema.xal._2.ThoroughfareNumberEvoSuiteTest$null;6;3;0;0;0;164;146;18;0;83;358
14006;oasis.names.tc.ciq.xsdschema.xal._2.ThoroughfareNumberPrefixEvoSuiteTest$null;5;1;0;0;0;164;146;18;0;83;358
14006;oasis.names.tc.ciq.xsdschema.xal._2.ThoroughfareNumberSuffixEvoSuiteTest$null;5;2;0;0;0;164;146;18;0;83;358
14007;oasis.names.tc.ciq.xsdschema.xal._2.ThoroughfarePostDirectionTypeEvoSuiteTest$null;5;1;0;0;0;164;146;18;0;83;358
14007;oasis.names.tc.ciq.xsdschema.xal._2.ThoroughfarePreDirectionTypeEvoSuiteTest$null;5;1;0;0;0;164;146;18;0;83;358
14007;oasis.names.tc.ciq.xsdschema.xal._2.ThoroughfareTrailingTypeTypeEvoSuiteTest$null;5;2;0;0;0;164;146;18;0;83;358
14019;oasis.names.tc.ciq.xsdschema.xal._2.XALEvoSuiteTest$null;5;1;2;2;2;166;148;18;0;81;360
