CurrentTotalRuntime;Testname;RuntimeToGetCoverage;RuntimeOriginal;KilledByTest;AnalyzedByTest;CoveredByTest;TotalKilled;TotalFailure;TotalException;TotalTimeout;LiveMutants;TotalAnalyzed
17;com.google.earth.kml._2.AltitudeModeTypeEvoSuiteTest$null;5;16;2;2;2;2;1;1;0;244;2
18;com.google.earth.kml._2.KmlTypeEvoSuiteTest$null;4;2;0;0;0;2;1;1;0;244;2
18;com.google.earth.kml._2.ObjectFactoryEvoSuiteTest$null;7;7;0;0;0;2;1;1;0;244;2
19;com.google.earth.kml._2.PlacemarkTypeEvoSuiteTest$null;6;4;0;0;0;2;1;1;0;244;2
19;com.google.earth.kml._2.PointTypeEvoSuiteTest$null;6;3;0;0;0;2;1;1;0;244;2
28;com.google.earth.kml._2.ResponseTypeEvoSuiteTest$null;5;3;1;1;1;3;2;1;0;243;3
29;com.google.earth.kml._2.StatusTypeEvoSuiteTest$null;5;2;0;0;0;3;2;1;0;243;3
194;geo.google.datamodel.GeoAddressAccuracyEvoSuiteTest$null;7;5;2;20;20;5;4;1;0;241;23
350;geo.google.datamodel.GeoStatusCodeEvoSuiteTest$null;6;5;2;20;20;7;6;1;0;239;43
1343;geo.google.datamodel.GeoUtilsEvoSuiteTest$null;8;4;55;92;92;62;61;1;0;184;135
1813;geo.google.mapping.AddressToUsAddressFunctorEvoSuiteTest$null;23;7;2;30;32;64;61;3;0;182;165
2336;geo.google.mapping.MappingUtilsEvoSuiteTest$null;9;5;14;41;43;78;64;14;0;168;206
2812;geo.google.mapping.PointToCoordinateFunctorEvoSuiteTest$null;10;7;4;31;45;82;67;15;0;164;237
2813;geo.google.mapping.XSLTMappingFunctorEvoSuiteTest$null;8;18;0;0;0;82;67;15;0;164;237
11684;geo.google.mapping.XmlToAddressFunctorEvoSuiteTest$null;565;805;0;19;21;82;67;15;0;164;256
11685;geo.google.mapping.XmlToUsAddressFunctorEvoSuiteTest$null;6;2;0;0;0;82;67;15;0;164;256
11685;geo.google.utils.XmlUtilsEvoSuiteTest$null;7;29;0;0;0;82;67;15;0;164;256
11817;oasis.names.tc.ciq.xsdschema.xal._2.AddressDetailsEvoSuiteTest$null;25;29;8;8;8;90;75;15;0;156;264
11818;oasis.names.tc.ciq.xsdschema.xal._2.AddressLineEvoSuiteTest$null;5;2;0;0;0;90;75;15;0;156;264
11829;oasis.names.tc.ciq.xsdschema.xal._2.AddressLinesTypeEvoSuiteTest$null;4;2;2;2;2;92;77;15;0;154;266
11881;oasis.names.tc.ciq.xsdschema.xal._2.AdministrativeAreaEvoSuiteTest$null;12;12;6;6;6;98;83;15;0;148;272
11882;oasis.names.tc.ciq.xsdschema.xal._2.BuildingNameTypeEvoSuiteTest$null;5;3;0;0;0;98;83;15;0;148;272
11882;oasis.names.tc.ciq.xsdschema.xal._2.CountryNameEvoSuiteTest$null;4;2;0;0;0;98;83;15;0;148;272
11902;oasis.names.tc.ciq.xsdschema.xal._2.DepartmentEvoSuiteTest$null;8;4;3;3;3;101;86;15;0;145;275
11933;oasis.names.tc.ciq.xsdschema.xal._2.DependentLocalityTypeEvoSuiteTest$null;13;13;3;3;3;104;89;15;0;142;278
11958;oasis.names.tc.ciq.xsdschema.xal._2.FirmTypeEvoSuiteTest$null;8;6;4;4;4;108;93;15;0;138;282
11991;oasis.names.tc.ciq.xsdschema.xal._2.LargeMailUserTypeEvoSuiteTest$null;11;9;4;4;4;112;97;15;0;134;286
12017;oasis.names.tc.ciq.xsdschema.xal._2.LocalityEvoSuiteTest$null;12;10;3;3;3;115;100;15;0;131;289
12086;oasis.names.tc.ciq.xsdschema.xal._2.MailStopTypeEvoSuiteTest$null;8;7;2;2;2;117;102;15;0;129;291
12087;oasis.names.tc.ciq.xsdschema.xal._2.ObjectFactoryEvoSuiteTest$null;54;55;0;0;0;117;102;15;0;129;291
12111;oasis.names.tc.ciq.xsdschema.xal._2.PostBoxEvoSuiteTest$null;13;11;2;2;2;119;104;15;0;127;293
12135;oasis.names.tc.ciq.xsdschema.xal._2.PostOfficeEvoSuiteTest$null;10;8;3;3;3;122;107;15;0;124;296
12205;oasis.names.tc.ciq.xsdschema.xal._2.PostalCodeEvoSuiteTest$null;12;9;6;6;6;128;113;15;0;118;302
12235;oasis.names.tc.ciq.xsdschema.xal._2.PostalRouteTypeEvoSuiteTest$null;9;6;3;3;3;131;116;15;0;115;305
12487;oasis.names.tc.ciq.xsdschema.xal._2.PremiseEvoSuiteTest$null;18;16;15;15;15;146;129;17;0;100;320
12488;oasis.names.tc.ciq.xsdschema.xal._2.PremiseNumberEvoSuiteTest$null;6;4;0;0;0;146;129;17;0;100;320
12488;oasis.names.tc.ciq.xsdschema.xal._2.PremiseNumberPrefixEvoSuiteTest$null;5;3;0;0;0;146;129;17;0;100;320
12489;oasis.names.tc.ciq.xsdschema.xal._2.PremiseNumberSuffixEvoSuiteTest$null;5;3;0;0;0;146;129;17;0;100;320
12611;oasis.names.tc.ciq.xsdschema.xal._2.SubPremiseTypeEvoSuiteTest$null;18;16;7;7;7;153;136;17;0;93;327
12829;oasis.names.tc.ciq.xsdschema.xal._2.ThoroughfareEvoSuiteTest$null;18;16;12;12;12;165;147;18;0;81;339
12829;oasis.names.tc.ciq.xsdschema.xal._2.ThoroughfareLeadingTypeTypeEvoSuiteTest$null;5;1;0;0;0;165;147;18;0;81;339
12829;oasis.names.tc.ciq.xsdschema.xal._2.ThoroughfareNameTypeEvoSuiteTest$null;5;2;0;0;0;165;147;18;0;81;339
12829;oasis.names.tc.ciq.xsdschema.xal._2.ThoroughfareNumberEvoSuiteTest$null;6;2;0;0;0;165;147;18;0;81;339
12830;oasis.names.tc.ciq.xsdschema.xal._2.ThoroughfareNumberPrefixEvoSuiteTest$null;5;1;0;0;0;165;147;18;0;81;339
12830;oasis.names.tc.ciq.xsdschema.xal._2.ThoroughfareNumberSuffixEvoSuiteTest$null;5;1;0;0;0;165;147;18;0;81;339
12830;oasis.names.tc.ciq.xsdschema.xal._2.ThoroughfarePostDirectionTypeEvoSuiteTest$null;5;2;0;0;0;165;147;18;0;81;339
12830;oasis.names.tc.ciq.xsdschema.xal._2.ThoroughfarePreDirectionTypeEvoSuiteTest$null;5;1;0;0;0;165;147;18;0;81;339
12830;oasis.names.tc.ciq.xsdschema.xal._2.ThoroughfareTrailingTypeTypeEvoSuiteTest$null;5;2;0;0;0;165;147;18;0;81;339
12841;oasis.names.tc.ciq.xsdschema.xal._2.XALEvoSuiteTest$null;4;2;2;2;2;167;149;18;0;79;341
